0
0
0
0
0
0
0
0
0
0
0
0
0
0
0
0
0
0
0
0
0
0
0
0
0
0
0
0
0
0
0
0
0
0
0
0
0
1
0
0
0
0
0
0
0
0
0
0
0
0
0
0
0
0
0
0
0
0
0
0
0
0
0
0
0
0
0
0
0
0
0
0
0
0
1474
4306
5196
11063
15114
7619
15151
8985
2243
1767
13397
6750
4344
15081
7887
14199
9890
2676
13225
6543
8385
10261
1356
14644
10507
3633
14102
2021
11597
7650
7009
8425
13170
5887
15364
12275
13013
12460
4411
15994
642
7014
5284
7944
8872
4233
12760
11767
10367
2260
5094
6526
7813
674
14053
5937
16365
10723
13950
7013
5334
14135
3646
3912
7598
14561
9783
9407
12039
12159
5726
874
7135
14822
1231
8340
4921
14006
9980
9222
9907
1950
15267
1563
2706
391
2838
6075
1164
3631
7529
9011
11631
5927
8615
3378
8844
16204
14134
3961
1704
14151
10827
4917
16106
6879
15887
5930
12095
56
4882
